872433100
872433101
872433102
872433103
872433104
872433228
872433229
872433230
872433231
872433232
872433356
872433357
872433358
872433359
872433360
872433484
872433485
872433486
872433487
872433488
872433489
872433490
872433491
872433492
872433493
872433612
872433613
872433614
872433615
872433616
872433617
872433618
872433619
872433620
872433621
872433740
872433741
872433742
872433743
872433744
872433745
872433746
872433747
872433748
872433749
872433750
872433751
872433868
872433869
872433870
872433871
872433872
872433873
872433874
872433875
872433876
872433877
872433878
872433879
872433996
872433997
872433998
872433999
872434000
872434001
872434002
872434003
872434004
872434005
872434006
872434007
872434124
872434125
872434126
872434127
872434128
872434129
872434130
872434131
872434132
872434133
872434134
872434135
872434252
872434253
872434254
872434255
872434256
872434257
872434258
872434259
872434260
872434261
872434262
872434263
872434380
872434381
872434382
872434383
872434384
872434385
872434386
872434387
872434388
872434389
872434390
872434391
872434392
872434393
872434394
872434395
872434396
872434508
872434509
872434510
872434511
872434512
872434513
872434514
872434515
872434516
872434517
872434518
872434519
872434520
872434521
872434522
872434523
872434524
872434636
872434637
872434638
872434639
872434640
872434641
872434642
872434643
872434644
872434645
872434646
872434647
872434648
872434649
872434650
872434651
872434652
872434764
872434765
872434766
872434767
872434768
872434769
872434770
872434771
872434772
872434773
872434774
872434775
872434776
872434777
872434778
872434779
872434780
872434892
872434893
872434894
872434895
872434896
872434897
872434898
872434899
872434900
872434901
872434902
872434903
872434904
872434905
872434906
872434907
872434908
872435020
872435021
872435022
872435023
872435024
872435025
872435026
872435027
872435028
872435029
872435030
872435031
872435032
872435033
872435034
872435035
872435036
872435037
872435038
872435039
872435148
872435149
872435150
872435151
872435152
872435153
872435154
872435155
872435156
872435157
872435158
872435159
872435160
872435161
872435162
872435163
872435164
872435165
872435166
872435167
872435276
872435277
872435278
872435279
872435280
872435281
872435282
872435283
872435284
872435285
872435286
872435287
872435288
872435289
872435290
872435291
872435292
872435293
872435294
872435295
872435404
872435405
872435406
872435407
872435408
872435409
872435410
872435411
872435412
872435413
872435414
872435415
872435416
872435417
872435418
872435419
872435420
872435421
872435422
872435423
872435532
872435533
872435534
872435535
872435536
872435537
872435538
872435539
872435540
872435541
872435542
872435543
872435544
872435545
872435546
872435547
872435548
872435549
872435550
872435551
872435660
872435661
872435662
872435663
872435664
872435665
872435666
872435667
872435668
872435669
872435670
872435671
872435672
872435673
872435674
872435675
872435676
872435677
872435678
872435679
872435788
872435789
872435790
872435791
872435792
872435793
872435794
872435795
872435796
872435797
872435798
872435799
872435800
872435801
872435802
872435803
872435804
872435805
872435806
872435807
872435916
872435917
872435918
872435919
872435920
872435921
872435922
872435923
872435924
872435925
872435926
872435927
872435928
872435929
872435930
872435931
872435932
872435933
872435934
872435935
872436044
872436045
872436046
872436047
872436048
872436049
872436050
872436051
872436052
872436053
872436054
872436055
872436056
872436057
872436058
872436059
872436060
872436061
872436062
872436063
872436172
872436173
872436174
872436175
872436176
872436177
872436178
872436179
872436180
872436181
872436182
872436183
872436184
872436185
872436186
872436187
872436188
872436189
872436190
872436191
872436300
872436301
872436302
872436303
872436304
872436305
872436306
872436307
872436308
872436309
872436310
872436311
872436312
872436313
872436314
872436315
872436316
872436317
872436318
872436319
872436320
872436321
872436428
872436429
872436430
872436431
872436432
872436433
872436434
872436435
872436436
872436437
872436438
872436439
872436440
872436441
872436442
872436443
872436444
872436445
872436446
872436447
872436448
872436449
872436556
872436557
872436558
872436559
872436560
872436561
872436562
872436563
872436564
872436565
872436566
872436567
872436568
872436569
872436570
872436571
872436572
872436573
872436574
872436575
872436576
872436577
872436684
872436685
872436686
872436687
872436688
872436689
872436690
872436691
872436692
872436693
872436694
872436695
872436696
872436697
872436698
872436699
872436700
872436701
872436702
872436703
872436704
872436705
872436812
872436813
872436814
872436815
872436816
872436817
872436818
872436819
872436820
872436821
872436822
872436823
872436824
872436825
872436826
872436827
872436828
872436829
872436830
872436831
872436832
872436833
872436922
